537
284
143000
18966 1 4
19100 3 4
19233 1 4
19333 3 4
19466 13 4
19666 1 1
19900 1 1
20033 1 1
20266 1 1
20366 1 4
20633 3 4
20866 1 1
21100 1 1
21233 1 1
21466 1 1
21566 1 4
21700 3 4
21833 1 1
22100 1 1
22233 1 1
22466 1 1
22566 1 4
22800 3 4
23066 1 1
23300 1 1
23433 233 5
23800 1 1
24033 1 1
24133 1 1
24366 1 1
24500 3 4
24733 1 4
24966 1 1
25233 1 1
25333 1 1
25566 1 1
25666 3 4
25766 1 4
25900 1 1
26166 1 1
26300 1 1
26433 1 1
26566 3 4
26800 1 4
27133 1 1
27366 1 1
27500 233 5
28133 1 1
28366 1 1
28500 1 1
28733 1 1
28866 1 4
29066 3 4
29266 1 1
29500 1 1
29633 1 1
29766 1 1
29966 1 4
30100 3 4
30233 1 1
30466 1 1
30600 1 1
30833 1 1
30933 1 4
31200 3 4
31466 1 1
31700 1 1
31800 266 5
32133 1 1
32366 1 1
32500 1 1
32733 1 1
32866 3 4
33133 1 4
33366 1 1
33600 1 1
33733 1 1
33933 1 1
34100 3 4
34200 1 4
34333 1 1
34566 1 1
34700 1 1
34933 1 1
35033 3 4
35266 1 4
35500 1 1
35733 1 1
35866 266 5
36266 1 1
36366 1 1
36500 1100 6
37900 1 1
38466 1 1
38733 1 1
39233 1 1
39466 1 2
39966 1 1
40200 1 2
40700 1 1
40966 1 2
41466 1 1
41700 1 2
41933 1 2
42200 1 1
42700 1 1
42933 1 2
43433 1 1
43700 1 2
44200 1 1
44433 1 2
45166 1 2
45666 1 1
45933 1 2
46433 1 1
46666 333 5
47366 1 1
47600 1 1
47866 300 5
48400 1 1
48533 1 1
48666 233 3
49100 1 1
49266 233 6
49766 1 4
50133 3 4
50366 1 4
50633 3 4
50900 233 5
51333 1 1
51366 1 1
51500 233 3
52133 1 1
52366 233 6
52800 1 1
53566 233 5
54066 1 1
54200 1 1
54333 233 3
54900 1 2
55066 1 2
55300 1 1
55433 1 1
55566 1 1
55900 1 4
56066 3 4
56300 1 4
56566 233 5
57033 1 1
57166 1 1
57300 233 3
57633 1 2
57866 1 2
58266 1 4
58400 3 4
58533 1 4
58666 3 4
59266 233 5
59766 1 1
59866 1 1
60000 233 3
60466 1 2
60700 3 4
60833 1 4
60966 1 4
61066 3 4
62166 233 5
62633 1 1
62766 1 1
62866 266 3
63366 1 2
63600 1 1
63700 1 1
63833 1 1
63966 1 1
64066 1 1
64200 1 1
64333 1 1
64433 1 1
64566 1 1
64666 1 1
64800 1533 6
66333 666 6
67066 34 4
67300 14 4
67566 23 4
67700 333 3
68166 1 1
68266 1 1
68400 333 3
68833 1 1
69133 1 1
69366 1 1
69466 1 1
69600 1 1
69733 1 1
69833 1 1
69933 1 1
70066 1 1
70200 1 1
70300 1 1
70433 1 1
70566 1566 6
73200 766 5
74766 1 2
75233 1 2
76400 1 1
76666 1 1
76900 1 1
77166 1 1
77433 1 1
77666 1 1
77866 1 1
78100 1 1
78333 1 1
78533 1 1
78733 1 1
78900 1 1
79100 1 1
79266 1 1
79433 1 1
79600 1 1
79733 1 1
79900 1 1
80033 1 1
80166 1 1
80266 1 1
80400 1 1
80533 1 1
80766 1 1
80966 1 2
81100 1 2
81366 1 1
81466 1 4
81700 3 4
81966 1 2
82200 1 1
82300 1 2
82566 1 1
82666 3 4
82900 1 4
83133 1 2
83366 1 1
83500 1 2
83733 1 1
83833 1 4
84100 3 4
84233 1 2
84466 1 1
84566 1 2
84800 1 1
85033 3 4
85266 1 4
85500 1 2
85733 1 1
85833 1 2
86066 1 1
86600 1 2
86833 1 1
87000 1 2
87233 1 1
87800 1 2
88033 1 1
88133 1 2
88366 1 1
88466 1 2
88666 1 1
88766 1 2
89033 233 6
89366 1 1
89466 1 1
89700 1 1
89900 1 1
90033 1 1
90133 1 1
90233 1 2
90466 1 2
90666 1 1
90800 1 1
90866 1 1
91033 1 1
91233 1 1
91300 1 1
91500 1 1
91666 1 1
91733 1 1
91866 1 1
92066 1 1
92133 1 1
92366 1 1
92500 1 1
92566 1 1
92633 1 1
92700 1 1
93000 1 1
93233 1 1
93300 1 1
93566 1 1
93633 2 4
93766 4 4
93833 2 4
93966 4 4
94200 1 1
94266 1 1
94400 2 4
94666 4 4
94900 1 1
95033 1 1
95233 4 4
95466 2 4
95533 4 4
95733 1 1
95866 1 1
95933 1 1
96100 2 4
96300 4 4
96366 2 4
96500 4 4
96566 2 4
96733 4 4
96800 2 4
96933 4 4
97000 2 4
97133 4 4
97366 1 1
97433 1 1
97566 1 1
97633 1 1
97766 4 4
98000 2 4
98066 4 4
98266 1 1
98433 1 1
98500 1 1
98633 4 4
98833 2 4
98900 4 4
99133 1 1
99266 1 1
99333 1 1
99400 1 1
99466 4 4
99766 2 4
99900 4 4
99966 2 4
100100 4 4
100166 2 4
100300 4 4
100366 2 4
100533 4 4
100733 4 4
100800 1 1
100933 1 1
101033 1 1
101166 4 4
101366 2 4
101433 4 4
101666 1 1
101800 1 1
102000 4 4
102233 2 4
102300 4 4
102433 1 1
102500 1 1
102700 1 1
102866 2 4
103133 4 4
103333 1 1
103400 1 1
103466 1 1
103533 1 1
103700 300 3
104533 1 2
104833 1 2
105400 1 2
105666 1 2
106233 1 2
107066 1 2
107566 1 2
107766 1 2
108000 1 2
108400 1 2
108833 1 2
109266 1 2
109666 1 2
109900 1 2
110066 1 2
110266 1 2
110500 1 1
110633 1 1
110866 1 1
110933 1 1
111100 1 1
111166 1 1
111300 1 1
111500 1 1
111566 1 1
111800 1 1
111933 1 1
112000 1 1
112133 1 1
112366 1 1
112433 1 1
112633 1 1
112766 1 1
112833 1 1
112900 1 1
113000 1 1
113066 1 4
113200 3 4
113333 1 4
113466 3 4
113633 1 4
113766 3 4
113900 1 4
114033 3 4
114266 3 4
114333 1 1
114466 1 1
114533 1 1
114666 1 1
114900 1 1
114966 1 1
115166 1 1
115300 1 1
115566 1 1
115766 1 1
115833 1 1
115900 1 1
115966 1 1
116033 1 1
116100 1 1
116166 1 1
116233 1 1
116300 1 1
116366 2 4
116666 4 4
116866 1 1
116933 1 1
117000 1 1
117066 1 1
117200 13 4
117500 23 4
117700 12 4
117900 14 4
118133 34 4
118366 1 1
118466 1 2
118700 1 1
118800 1 2
119033 1 1
119133 1 2
119366 1 1
119466 166 73
119700 166 71
119900 8 4
120133 6 4
120233 7 4
120466 5 4
120566 8 4
120800 6 4
120900 7 4
121133 5 4
121233 166 71
121466 166 73
121700 1 2
121900 1 1
122033 1 2
122233 1 1
122366 1 2
122566 1 1
122700 1 2
122900 1 1
123033 166 71
123233 166 73
123466 6 4
123700 7 4
123800 5 4
124033 8 4
124100 1 2
125266 5 4
125466 8 4
125800 6 4
125900 7 4
126133 5 4
126366 8 4
126566 6 4
126800 7 4
127033 5 4
127233 8 4
127466 6 4
127700 7 4
127900 5 4
128133 8 4
128366 6 4
128566 7 4
128800 1 2
128900 1 2
129033 1 2
129100 1 2
129200 1 2
129333 1 2
129433 1 2
129566 1 2
129666 1 2
129766 1 2
129900 1 2
130033 1 2
130133 1 2
130266 1 2
130366 1 2
130566 1 1
130633 1 1
130733 1 1
130800 1 1
130866 1 1
130966 1 1
131033 1 1
131100 1 1
131166 1 1
131233 1 1
131300 1 1
131400 1 1
131466 3033 5