457
195
161000
22633 333 3
23066 1 1
23367 300 3
23800 300 3
24166 1 1
24433 300 3
24866 300 3
25499 1	1
25800 299 3
26267 1	4
26568 3	4
26869 1	4
27170 3	4
27471 333 3
27971 1	1
28172 1	1
28573 466 3
29206 1	1
29507 1	1
29941 333 3
30374 1	1
30709 1	1
31010 466 3
31643 1	1
31944 1	1
32412 299 3
32845 1	1
33179 1	1
33480 466 3
34080 1	1
34381 1	1
34882 299 3
35315 1	1
35616 1	1
35951 433 3 
36551 1	1
36852 1	1
37286 1	1
37487 1	1
37955 1	1
38122 1	1
38556 1	1
38724 1	1
39192 1	1
39359 1	1
39827 1	1
39961 1	1
40429 1	1
40597 1	1
40764 1	1
40932 1	1
41133 399 3
41700 1	1
41867 1	1
42301 1	1
42469 1	1
42937 1	1
43104 1	1
43539 1	1
43706 1	1
44174 1	1
44308 1	1
44776 1	1
44944 1	1
45351 1	1
45497 1	1
45632 1	1
45706 1	1
46831 1	1
47132 1	1
47288 1	1
47422 1	1
47592 1	1
47726 1	1
47892 1	1
48026 1	1
48194 1	2
48361 1	2
48498 1	2
48832 1	1
49131 1	1
49275 1	1
49554 1	1
49734 1	1
49911 1	1
50081 1	1
50219 1	1
50416 1	1
50551 1	1
50717 1	1
50885 1	1
51019 1	1
51787 1	1
52088 1	1
52255 1	1
52423 1	1
52591 1	1
52725 1	1
52859 1	1
53066 1	1
53235 1	1
53380 1	1
53526 1	1
53848 333 3
54315 1	1
54480 1	1
54650 1	1
56784 1	1
57065 1	1
57212 1	1
57357 1	1
57555 1	1
57724 1	1
57866 1	1
58014 1	1
58125 1	1
58303 1	2
58594 1	2
58795 1	2
59096 1	1
59264 1	1
59575 1	1
59732 1	1
59900 1	1
60076 1	1
60178 1	1
60336 1	1
60504 1	1
60672 1	1
60808 1	1
60974 1	1
61720 1	1
62009 1	1
62187 1	1
62354 1	1
62514 1	1
62679 1	1
62804 1	1
62981 1	1
63149 1	1
63193 1	1
63551 1	1
63750 299 3
64195 1	2
64360 1	2
64428 1	2
67431 4433 3
71252 1933 3
73819 1	1
73986 1	1
74321 1	1
74488 1	1
74789 1	1
74957 1	1
75291 1	2
76192 1 1
76526 1 1
76661 1 1
76828 1 1
76963 1 1
77297 1 1
77598 1 1
77899 1 1
78666 1 1
78834 1 1
78968 1 1
79136 1 1
79270 1 1
79438 1 1
79772 1 1
80173 1 1
80208 1 1
80375 1 1
80843 1 1
81011 1 1
81181 466 3
81947 1 1
82115 1 1
82249 1 1
82417 466 3
83184 1 1
83351 1 1
83486 1 1
83653 1 1
83954 466 3
84721 166 3
85021 1 1
85189 1 1
85323 1 1
85491 1 1
85658 1 1
85793 1 1
85960 1 1
86128 1 2
86429 1 1
86596 1 1
86731 1 1
86865 1 1
87166 233 5
87466 233 5
87766 299 5
88533 1 1
88834 1 1
89001 1 1
89169 1 1
89337 1 1
89638 1 2
89971 233 5
90271 299 5
90704 1 1
90872 1 1
91006 466 3
91806 1 1
91940 1 1
92108 1 1
92242 466 3
93042 299 3
93476 1 1
93643 1 1
93778 1 1
93945 1 1
94113 1 1
94281 1 1
94415 1 1
94583 1 1
94717 1 1
94885 1 1
95186 1 1
95520 1 1
95654 1 1
95955 1 1
96289 599 6
97056 1 2
97357 333 6
98457 1 2
98758 633 6
99525 1 2
99826 633 6
100925 1 2
101226 599 6
101993 1 2
102294 333 6
103394 1 2
103695 599 6
104462 1 2
104763 333 6
105229 1 2
105830 1 2
106164 433 6
106931 1 2
107232 1 1
107400 1 1
107534 1 1
107702 466 6
108302 1 2
108603 433 6
109369 1 1
109670 1 1
109805 1 1
109972 1 1
110140 1 2
110774 1 2
111042 533 6
111842 1 2
112143 1 1
112277 1 1
112445 1 1
112612 466 6
113212 1 2
113513 466 6
114280 1 2
114581 1 1
114749 1 1
114916 1 1
115050 1 2
117218 1 1
117352 1 1
117520 1 1
117821 1 2
118122 1 2
118423 1 2
119224 1 2
119525 1 1
119659 1 1
119827 1 1
119994 1 1
120295 1 2
120596 1 2
120897 1 2
121365 1 1
121533 1 1
121700 433 3
122433 1 1
122601 1 1
122769 1 1
122903 466 3
123670 1 1
123837 1 1
124005 1 1
124139 1 1
124440 1 1
124575 1 1
124742 1 1
124910 1 1
125211 233 3
126511 1 1
126645 1 1
126780 1 1
126947 1 1
127115 1 1
127249 1 1
127417 1 1
127551 1 2
127885 1 1
128053 1 1
128187 1 1
128355 1 1
128656 1 2
128957 1 2
129258 1 2
130026 1 2
130360 1 1
130527 1 1
130662 1 1
130829 1 1
131130 1 2
131431 1 2
131732 1 2
132200 1 1
132368 1 1
132535 433 3
133302 1 1
133436 1 1
133604 1 1
133772 433 3
134538 1 1
134672 1 1
134840 1 1
134974 1 1
135309 1 1
135443 1 1
135577 1 1
135712 1 1
136046 166 3
136346 1 1
136514 1 1
136648 1 1
136816 1 1
136983 1 1
137118 1 1
137252 1 1
137420 1 2
137721 1 1
137888 1 1
138022 1 1
138190 1 1
138491 233 5
138824 233 5
139124 299 5
139858 1 2
140159 1 1
140326 1 1
140461 1 1
140628 1 1
140929 233 5
141229 199 5
141529 299 5
141963 1 1
142130 1 1
142298 466 3
143065 1 1
143199 1 1
143366 1 1
143534 433 3
144301 1 1
144435 1 1
144603 1 1
144737 1 1
144905 1 1
145072 1 1
145207 1 1
145374 1 1
145542 1 1
145676 1 1
145844 1 1
145978 1 1
146146 1 1
146314 1 1
146448 1 1
146616 1 1
146783 1 1
146917 1 1
147085 1 1
147219 1 1
147387 1 1
147555 1 1
147689 1 1
147857 1 1
147991 1 1
148159 1 1
148326 1 1
148494 1 1
148628 1 1
148929 1 1
149230 1 2
149365 1 2
